-6.283185307179586232e+00
-6.026728764029399166e+00
-5.770272220879212099e+00
-5.513815677729025033e+00
-5.257359134578837967e+00
-5.000902591428650013e+00
-4.744446048278462946e+00
-4.487989505128275880e+00
-4.231532961978088814e+00
-3.975076418827901747e+00
-3.718619875677714681e+00
-3.462163332527527171e+00
-3.205706789377340105e+00
-2.949250246227153038e+00
-2.692793703076965528e+00
-2.436337159926778462e+00
-2.179880616776591395e+00
-1.923424073626404329e+00
-1.666967530476217263e+00
-1.410510987326030197e+00
-1.154054444175843130e+00
-8.975979010256551760e-01
-6.411413578754681097e-01
-3.846848147252810435e-01
-1.282282715750939772e-01
1.282282715750930890e-01
3.846848147252801553e-01
6.411413578754672216e-01
8.975979010256551760e-01
1.154054444175842242e+00
1.410510987326029309e+00
1.666967530476216375e+00
1.923424073626403441e+00
2.179880616776591395e+00
2.436337159926777574e+00
2.692793703076965528e+00
2.949250246227151706e+00
3.205706789377339661e+00
3.462163332527525839e+00
3.718619875677713793e+00
3.975076418827899971e+00
4.231532961978087926e+00
4.487989505128275880e+00
4.744446048278462058e+00
5.000902591428650013e+00
5.257359134578836191e+00
5.513815677729024145e+00
5.770272220879210323e+00
6.026728764029398278e+00
6.283185307179586232e+00
