2.000000000000000888e+00
2.783325563760912225e+00
3.321935722641638389e+00
3.563050034631745522e+00
3.493637723779800197e+00
3.141938382754709380e+00
2.573121873863840392e+00
1.879713945705302702e+00
1.168163058762598627e+00
5.434757689360267818e-01
9.412370773866851614e-02
-1.206147584281835883e-01
-7.906496872229906714e-02
1.998850866495236467e-01
6.596988733477388012e-01
1.214557636243085881e+00
1.761976054367062172e+00
2.197854693102119672e+00
2.431806823944689722e+00
2.400557181276550711e+00
2.077485860942571705e+00
1.476942357838091802e+00
6.527036446661408364e-01
-3.092110741099783344e-01
-1.302347897022631207e+00
-2.214564754363402166e+00
-2.943612399831408766e+00
-3.411325470735554255e+00
-3.574397909587530897e+00
-3.430205819801931622e+00
-3.016849685174539886e+00
-2.407415273811563949e+00
-1.699279949115018340e+00
-9.999999999999960032e-01
-4.118034361760145590e-01
-1.691145556371620451e-02
1.342079791140240452e-01
2.997214317027574459e-02
-3.008190471715470604e-01
-7.933321495752989616e-01
-1.356269165816529565e+00
-1.885280961224779173e+00
-2.278298102213913268e+00
-2.450576616688695086e+00
-2.347296355333861051e+00
-1.951899697679628787e+00
-1.288968162496564318e+00
-4.212166898733896159e-01
5.589720949873641098e-01
1.542269151846393127e+00
2.417561595622794712e+00
3.087392365200417821e+00
3.481472744497679628e+00
3.566339110088660114e+00
3.349777086795420189e+00
2.879385241571816412e+00
2.235489250317382215e+00
1.519425974127314838e+00
8.388792656239718593e-01
2.923707116904263881e-01
-4.487144729641912022e-02
-1.316404796612740125e-01
3.345976080759283100e-02
4.119923703431789264e-01
9.314319043937899778e-01
1.495849050821903559e+00
2.000000000000004441e+00
2.344796440871833809e+00
2.451933574609065136e+00
2.275573521692740631e+00
1.809402824979458924e+00
1.088045068088545841e+00
1.826180556159899826e-01
-8.089362748312234341e-01
-1.775372175549143172e+00
-2.607581895352537593e+00
-3.213754689146409049e+00
-3.532088886237955805e+00
-3.539242931694507543e+00
-3.253321152783382963e+00
-2.730972261485665520e+00
-2.059021226172892849e+00
-1.341837426308922998e+00
-6.862518850531984516e-01
-1.861864972155677922e-01
9.080160966427963665e-02
1.131328706557526154e-01
-1.104008761767865110e-01
-5.320888862379531403e-01
-1.072389146567696461e+00
-1.631631690161251091e+00
-2.104655968687760392e+00
-2.396279508846104189e+00
-2.435375265544265755e+00
-2.185533794327433554e+00
-1.650775137992749109e+00
-8.754841425958185264e-01
6.142975636122038896e-02
1.057319927932828696e+00
1.999999999999997558e+00
