9.799205442558054369e-01
1.482187103139746220e+00
1.558421135530387192e+00
1.987725538803636338e+00
1.659008652264239769e+00
1.971555793303329418e+00
1.757332513910389693e+00
1.563196890770109260e+00
9.081618241262348068e-01
7.391101863116122939e-01
4.430977436986782009e-02
-2.505002166331283808e-01
-1.281363457143247508e+00
-1.403420619738553032e+00
-1.508736786384584416e+00
-1.640226938586427874e+00
-1.956908312636578717e+00
-2.179694381353914689e+00
-1.885772950229105849e+00
-1.805861093679053120e+00
-1.399751489215503408e+00
-6.554947879361272545e-01
-3.405929229767299393e-01
3.340959710967579821e-01
6.409342104466587697e-01
1.343714949055996311e+00
1.667913206845377916e+00
1.715288551980334475e+00
2.198029352029459815e+00
2.058083521168069918e+00
1.813376704237544823e+00
2.056543344979111954e+00
1.348549383896138654e+00
9.012252696131308749e-01
4.455033928691781719e-01
1.619685406956643814e-01
-2.308693726009187763e-01
-1.228384012212621057e+00
-1.446434331547301166e+00
-1.890468186613104784e+00
-1.991140681591339057e+00
-1.997197363547018378e+00
-1.879406482343870310e+00
-1.569220389378521485e+00
-1.513139132017498056e+00
-1.108154234997577925e+00
-5.096710897649464611e-01
-4.193726002188717938e-01
4.085001256628437716e-01
9.462664138167798944e-01
