-6.283185307179586232e+00
-6.156252270670907301e+00
-6.029319234162229257e+00
-5.902386197653550326e+00
-5.775453161144872283e+00
-5.648520124636193351e+00
-5.521587088127515308e+00
-5.394654051618836377e+00
-5.267721015110158334e+00
-5.140787978601479402e+00
-5.013854942092801359e+00
-4.886921905584122428e+00
-4.759988869075444384e+00
-4.633055832566765453e+00
-4.506122796058086521e+00
-4.379189759549408478e+00
-4.252256723040730435e+00
-4.125323686532051504e+00
-3.998390650023373016e+00
-3.871457613514694529e+00
-3.744524577006016042e+00
-3.617591540497337554e+00
-3.490658503988659067e+00
-3.363725467479980580e+00
-3.236792430971301648e+00
-3.109859394462623161e+00
-2.982926357953944674e+00
-2.855993321445266186e+00
-2.729060284936587699e+00
-2.602127248427909212e+00
-2.475194211919230725e+00
-2.348261175410552237e+00
-2.221328138901873750e+00
-2.094395102393194819e+00
-1.967462065884516775e+00
-1.840529029375837844e+00
-1.713595992867159801e+00
-1.586662956358480869e+00
-1.459729919849802826e+00
-1.332796883341123895e+00
-1.205863846832445851e+00
-1.078930810323766920e+00
-9.519977738150888769e-01
-8.250647373064099455e-01
-6.981317007977319022e-01
-5.711986642890529708e-01
-4.442656277803749276e-01
-3.173325912716959962e-01
-1.903995547630170648e-01
-6.346651825433902161e-02
6.346651825433990979e-02
1.903995547630179530e-01
3.173325912716968844e-01
4.442656277803749276e-01
5.711986642890538590e-01
6.981317007977319022e-01
8.250647373064108336e-01
9.519977738150888769e-01
1.078930810323767808e+00
1.205863846832445851e+00
1.332796883341124783e+00
1.459729919849802826e+00
1.586662956358481757e+00
1.713595992867159801e+00
1.840529029375838732e+00
1.967462065884516775e+00
2.094395102393196595e+00
2.221328138901874638e+00
2.348261175410552681e+00
2.475194211919230725e+00
2.602127248427910544e+00
2.729060284936588587e+00
2.855993321445266631e+00
2.982926357953944674e+00
3.109859394462624493e+00
3.236792430971302537e+00
3.363725467479980580e+00
3.490658503988658623e+00
3.617591540497338443e+00
3.744524577006016486e+00
3.871457613514694529e+00
3.998390650023374349e+00
4.125323686532052392e+00
4.252256723040730435e+00
4.379189759549408478e+00
4.506122796058088298e+00
4.633055832566766341e+00
4.759988869075444384e+00
4.886921905584122428e+00
5.013854942092802247e+00
5.140787978601480290e+00
5.267721015110158334e+00
5.394654051618836377e+00
5.521587088127516196e+00
5.648520124636194240e+00
5.775453161144872283e+00
5.902386197653552102e+00
6.029319234162230146e+00
6.156252270670908189e+00
6.283185307179586232e+00
