5.833306028345958794e+00
5.511846584594923826e+00
5.251780226337898760e+00
4.764574579802005161e+00
3.827875608208244795e+00
3.488055497786795023e+00
3.225021713519314659e+00
3.262622868838753298e+00
3.117412187877578678e+00
2.540448575412774801e+00
2.394908187098052643e+00
2.232372067403543436e+00
2.029452206059468633e+00
1.515507318694038208e+00
1.740560308641209364e+00
1.422457229389599620e+00
1.379724004842033391e+00
1.257869332992185729e+00
1.311413853582324096e+00
1.406307312764619288e+00
7.337792647700134285e-01
1.153999893546369337e+00
5.809254594961523743e-01
8.982267413715379067e-01
6.838654952063756287e-01
7.393790207230380718e-01
1.253387247486485556e+00
1.421886074559121083e+00
1.038768264166940014e+00
1.166859810478530379e+00
1.394980968480131756e+00
1.965975277032583346e+00
1.520977423704473086e+00
2.017467941856267988e+00
2.035674519446663666e+00
2.266962220102493930e+00
2.303558797161230132e+00
2.837333706638090369e+00
3.010831245267318046e+00
3.851103956927117711e+00
4.169902854357511401e+00
4.081398356088344670e+00
4.726237848356436899e+00
4.671161765906227892e+00
5.365070099377963864e+00
5.713037841495087754e+00
6.503555438524201371e+00
7.028208643758143914e+00
7.762483616820376575e+00
8.063228794887784545e+00
