6.706012046374441127e+01
6.047669276330082511e+01
6.591629330137040199e+01
5.816182544421138800e+01
6.874691928741378888e+01
6.053522169439834499e+01
6.551850339378673027e+01
6.070999939269161416e+01
6.033738146080224851e+01
6.500974774590120830e+01
5.948799882126854754e+01
6.433951147625526801e+01
6.463164832965495066e+01
6.793671672372863668e+01
6.823351928182218273e+01
6.645951139158587750e+01
6.319482794737132281e+01
6.190839653649531726e+01
6.363455928555545427e+01
6.015472933236252118e+01
5.964361839798215215e+01
6.737209998634061492e+01
6.103489645604305736e+01
6.677039400362107813e+01
6.514067861006446947e+01
6.673900772529921710e+01
6.400752942421529212e+01
6.855955535152132541e+01
6.180657062537184032e+01
6.772022099757033686e+01
6.445242967406417733e+01
6.322491209932982770e+01
5.932224431010079257e+01
6.218729904407692999e+01
6.555900565161159932e+01
6.253770296384502103e+01
7.199833394821449417e+01
6.074604214038314609e+01
6.608134115028566669e+01
6.124670221598237418e+01
6.434090346505743696e+01
7.115084162275765323e+01
6.445679550769956734e+01
5.968837503183355153e+01
6.346723578591660697e+01
6.038088007354453879e+01
6.263653750035872037e+01
6.696443891237559853e+01
6.178580928258278249e+01
6.580119461597612940e+01
6.141852777569780386e+01
6.548778120277152937e+01
6.256662245058120675e+01
6.630379477474761529e+01
6.157717256935455907e+01
6.510437072589969887e+01
6.043384676513035458e+01
6.566076685640253174e+01
6.201004658999364949e+01
6.856747881349522800e+01
6.962878454826783070e+01
6.713097762621660536e+01
5.886308428454662334e+01
6.708373681617891293e+01
6.510404062988273211e+01
6.481384016321609920e+01
6.335799837693664927e+01
6.029806917504996022e+01
5.884914413632461105e+01
6.185635765459295499e+01
6.351820737209932588e+01
6.470850536722940660e+01
6.313270214124928259e+01
6.219383752102459084e+01
6.189718785788966215e+01
6.519690022566040000e+01
6.013293084438761582e+01
6.831478483064729801e+01
7.198067846421665195e+01
6.461117695683580564e+01
6.378258430719986904e+01
6.085237579605078651e+01
6.807828885233797678e+01
6.387427144172385596e+01
6.063298453609633754e+01
6.399412643179199733e+01
6.836291539408743745e+01
6.017209054172804628e+01
6.681116049930574263e+01
6.632433841947485575e+01
6.468463345899651529e+01
5.806201936311342848e+01
6.319059548829934414e+01
6.591800064416437976e+01
6.286155209959271417e+01
6.452413987048568345e+01
6.791195941155812932e+01
6.444852391053625240e+01
6.618898794849928890e+01
6.386754877213151360e+01
6.416272052229309963e+01
6.066717594346638975e+01
6.630801765381646362e+01
6.869592112981335674e+01
6.457227087573451740e+01
7.027752852060831401e+01
6.599682225554420256e+01
6.092570147078608755e+01
6.460405249734498057e+01
6.327570785358205541e+01
6.157693238267737001e+01
6.589346915775313107e+01
6.201026447150199772e+01
6.672376475603377344e+01
6.529891640200804659e+01
6.210565019837565615e+01
6.925870758781459813e+01
6.408963213282181925e+01
5.945562681259843174e+01
6.512339166282498581e+01
6.261027607357031144e+01
6.237367456895235307e+01
6.731381603806129021e+01
5.852296467796915636e+01
6.537385623381129562e+01
7.265947888328828697e+01
5.864358236495184684e+01
6.436822105626886525e+01
6.127601440982950720e+01
6.867867687694865708e+01
6.625318695809957603e+01
6.777675578800541700e+01
6.151846650479233602e+01
6.759966702460053511e+01
6.288713482460728699e+01
6.619197024537336915e+01
6.627508959443453307e+01
6.671723716564471829e+01
6.453683443796600727e+01
5.571956252911648022e+01
6.544214623026155664e+01
6.985215853496585225e+01
6.049792509701610044e+01
6.366196150616674032e+01
6.077173576239837161e+01
6.581237783756478166e+01
6.608945974336941731e+01
6.188077069659286877e+01
6.378385928187125842e+01
6.370101866359353693e+01
6.520781198371764731e+01
6.140629171218017746e+01
6.507627051272950780e+01
6.685931981519716771e+01
6.957659041014812829e+01
6.255673406026815542e+01
6.070304407239609645e+01
6.422688429720041370e+01
6.336263445111166703e+01
6.596206433536755753e+01
6.213672568296387055e+01
6.438367175392488662e+01
6.236996556571261152e+01
6.451662212695715937e+01
6.466428213237300326e+01
6.326184617138360267e+01
6.410795335627135216e+01
6.464820513035739680e+01
6.247674280423099447e+01
6.300433595764083350e+01
6.692939208201565293e+01
6.531142601464956954e+01
6.140404030035703187e+01
6.537895054523798422e+01
6.467309327994622947e+01
6.713654301711412131e+01
6.312806156209812514e+01
6.759532213671690215e+01
6.403527040894888955e+01
6.346427428308794561e+01
6.130520788060655235e+01
6.656283987747319486e+01
6.873954629663721505e+01
6.037018714689516230e+01
6.509228894158881928e+01
6.950430616988911936e+01
6.618953392534947966e+01
6.552923151264167245e+01
6.305370878047425975e+01
6.507872152233716179e+01
7.148460632188441366e+01
6.257602385058665106e+01
6.264551843601162062e+01
6.165890775484758990e+01
5.534208367135488515e+01
5.922647339285225598e+01
6.193433362366038608e+01
6.055922919081890399e+01
6.573943133918379544e+01
6.856817695637121801e+01
5.916555554991197852e+01
6.585574895101045456e+01
6.481825404102742993e+01
6.368841516626521582e+01
6.433556323687878375e+01
6.238159508895078176e+01
5.847242029361468951e+01
6.629717812701855451e+01
6.955532018690063012e+01
6.589030100072987750e+01
6.488954523828500953e+01
6.105333705036258607e+01
6.270364788180150839e+01
6.246925025161066714e+01
6.584890714731031380e+01
5.719187109505891442e+01
6.046486131349072224e+01
5.930492958150438909e+01
6.188983767880211673e+01
6.051412797860868409e+01
6.397478736385945552e+01
6.730618457697725887e+01
6.631453791078881466e+01
6.741190136481024808e+01
6.426501877576801292e+01
6.875954698957862377e+01
5.844523959236657618e+01
6.791521709150239872e+01
6.393589521875006909e+01
6.099067306549357426e+01
6.091512385832323417e+01
5.992849899860070195e+01
6.908279087986511513e+01
6.278427484109268875e+01
6.222251280971919130e+01
6.551925156545699735e+01
6.585036331769295259e+01
6.316236441455279760e+01
6.466467049120474542e+01
6.589669730032331074e+01
6.410962316349737478e+01
6.682799208741725749e+01
6.469143918132738236e+01
6.332448053659775411e+01
6.410732890106960724e+01
6.319818074822804022e+01
5.980593491998638456e+01
6.686972217085539683e+01
6.731090424807203476e+01
6.711572640048991900e+01
6.614784436728095329e+01
6.136196853114080341e+01
6.386957175356445759e+01
6.222225824020880225e+01
6.471141611936839411e+01
6.876098870803197372e+01
6.588219354200815303e+01
7.122093063358954623e+01
6.118810337320462622e+01
6.792260163314760746e+01
6.481803073802792881e+01
6.157745913456060549e+01
6.461114564503868962e+01
6.260584567515047638e+01
6.187242252702151291e+01
5.997691733013436988e+01
6.341455792899910904e+01
6.922806725380365833e+01
6.152371013098166941e+01
6.544486587916999554e+01
6.680393592089582455e+01
6.452459504091751796e+01
6.256267232591957850e+01
6.675210321366968458e+01
5.831160199011701906e+01
6.588121271136125756e+01
5.805127828285012725e+01
6.320103784677050385e+01
6.809033915093590394e+01
6.749250912513977596e+01
7.166032164793253401e+01
6.817868040063166291e+01
6.289995271892884432e+01
6.881129147400650936e+01
6.491412013555684268e+01
6.449393595895266174e+01
6.488377404909756763e+01
6.437901907435664839e+01
6.461698698972411137e+01
5.834553666607036604e+01
6.547380413745550243e+01
6.234137210164299603e+01
6.344480307003987463e+01
6.446875340523750708e+01
7.084812086442259726e+01
6.757738007161997018e+01
6.609421129295418496e+01
6.099289937401707107e+01
6.942099208953416678e+01
7.117732671815572587e+01
6.126315904849415261e+01
6.421166313877465370e+01
6.556857832969944866e+01
6.513448859056457252e+01
6.225772552072292854e+01
6.321271462470725311e+01
6.330882092398380223e+01
6.366125590254215894e+01
5.900611547837511495e+01
6.710921873239668400e+01
6.319358875951186150e+01
6.332385763271812351e+01
6.638512648548599770e+01
6.311605633743627664e+01
6.693729223991272193e+01
6.477066386577598678e+01
6.461101772794729925e+01
6.045136541856749091e+01
6.368876147301210011e+01
6.706895989559737359e+01
6.254343908643395622e+01
6.520477885443526134e+01
6.227632812951213737e+01
6.688042494900008705e+01
6.301965261672904717e+01
6.507142822867288601e+01
6.373957182859717108e+01
6.124075724015636268e+01
6.275340207329789166e+01
5.997820079453039455e+01
6.686310298044404021e+01
6.082306144799704839e+01
6.067118539296953372e+01
6.484186691132774172e+01
6.562538466497780121e+01
6.645481334857642253e+01
6.441671727693035621e+01
6.205242601919572820e+01
6.436893383809768920e+01
6.040915081610869919e+01
6.095043521022289923e+01
6.457129689343388179e+01
6.193032661399460181e+01
6.434995666827629179e+01
6.012105509104694789e+01
6.097358523514273543e+01
7.144183463124774391e+01
6.381783222660494204e+01
6.333546635247623158e+01
6.147194755221710238e+01
6.840930432216578083e+01
6.239205844513051602e+01
6.382162684572764988e+01
6.495552502801996297e+01
6.245089742172154246e+01
6.258163296948688270e+01
5.984947447930895947e+01
6.600329759218199399e+01
7.042856986727593949e+01
6.327654885106365157e+01
6.946107702079763158e+01
6.643036441312266049e+01
5.983391264348890104e+01
5.907974656274149083e+01
7.091332349702020110e+01
6.519297791832171640e+01
5.750343139294745498e+01
6.041854420259614500e+01
6.054663694392264972e+01
6.264711715217190857e+01
6.455300249106146282e+01
5.925769178393683490e+01
6.132553653066190691e+01
6.550576724214104729e+01
6.313226203818248905e+01
6.593307427530218945e+01
6.415864834663717886e+01
6.506875881111885462e+01
6.465237268912235891e+01
6.280107293551835568e+01
6.062009153831033359e+01
6.700523752632011565e+01
6.329061904544542472e+01
6.253914560252766819e+01
6.629307407293353549e+01
6.437419185410354316e+01
5.701417340121581390e+01
6.618821233148598537e+01
6.290741398792144423e+01
5.998211044543781156e+01
6.177974489952409698e+01
6.380723056115873248e+01
6.241639757912199116e+01
6.718792941318936585e+01
6.235454975689970070e+01
6.388145495737581570e+01
6.488172892100153888e+01
6.621490754504944221e+01
6.216342146837251192e+01
6.458565912848300172e+01
6.319398117918296265e+01
6.318052439058073588e+01
6.516381279278316185e+01
6.804530739715352183e+01
6.872969812212122065e+01
6.808525860596326140e+01
6.301910318191792015e+01
6.552651752532921137e+01
6.091008606228371036e+01
6.438573465700359577e+01
5.973121174843917913e+01
6.248330487660523147e+01
6.373930917478930525e+01
6.522080635664275405e+01
6.339461621188682017e+01
6.349256227538320729e+01
5.783234826595013800e+01
6.283531065457822251e+01
6.694552091411881634e+01
6.293834066757719370e+01
6.635424981024951308e+01
5.902264297627157674e+01
6.315813567092638436e+01
6.740275752910622487e+01
6.760602053738639938e+01
6.443395744438628014e+01
6.110608639398082431e+01
6.197293342643343550e+01
6.561125625613222212e+01
6.293853575807978729e+01
6.727626386193071539e+01
6.122527830920166281e+01
6.075300747882527475e+01
6.880507154699810712e+01
6.150887840997256006e+01
6.693927371348161159e+01
6.106785255396511758e+01
6.180186091629498435e+01
6.953565160315137916e+01
6.090184775387239569e+01
6.870029645148227360e+01
6.228582307832325426e+01
6.384193188155704490e+01
6.330280144062309944e+01
5.938094879344906474e+01
6.903758818404159570e+01
6.406398518519189622e+01
6.587358396549555550e+01
6.249839103887648406e+01
6.899674657665936195e+01
5.809318406335985685e+01
6.631722857837033303e+01
6.586943461215183504e+01
6.386198887536032487e+01
6.244921410931825534e+01
6.404712862181504818e+01
6.764592365895005344e+01
6.407342320374031885e+01
6.340053616834736516e+01
6.298988817188214284e+01
6.272586325216605019e+01
6.915950905516152147e+01
6.058237169348716122e+01
6.749867767239146588e+01
6.603844961301172134e+01
6.984452468282880488e+01
6.526577488282791251e+01
6.328622115066253428e+01
6.176036711006555180e+01
7.070750931959395302e+01
6.244698058351173131e+01
6.493945516881363744e+01
6.366766689074234620e+01
6.203215989086626792e+01
6.620923293895639006e+01
6.709971432315498419e+01
6.030166540761585736e+01
6.174960239157319819e+01
6.021041629010822760e+01
6.352764535940396939e+01
6.349787240511449937e+01
6.739024423776523065e+01
6.427307990855047137e+01
6.747563439700100218e+01
6.865425575706424866e+01
6.366147706799255701e+01
5.960043433620506903e+01
5.919108015479019258e+01
6.399751218655197249e+01
6.344299450636052740e+01
6.863001507321531847e+01
6.490565566001839670e+01
6.035731220064769786e+01
6.747301590786760528e+01
6.544520887843562207e+01
5.932686056894608839e+01
6.380663250421113730e+01
6.466718695181020848e+01
6.577194280541095850e+01
6.652047258075145919e+01
6.234740926468989386e+01
5.999016117375724377e+01
6.628062324410191763e+01
6.751077468907629964e+01
6.416976018072658405e+01
6.188493978779604276e+01
6.936454067377657395e+01
6.685132145703671824e+01
6.219615108921919244e+01
6.047736381244162374e+01
7.198694897248493874e+01
6.046181268601279868e+01
6.028956184335055468e+01
6.551817304617480886e+01
6.557135865014424780e+01
6.292811996597005475e+01
6.277911125794338432e+01
6.585574797145994808e+01
6.351885491501552394e+01
6.276300454050191036e+01
5.814490684071029847e+01
6.974513968442204259e+01
6.720394214236750940e+01
7.066235931706225415e+01
6.426986098081920318e+01
6.218556212944042016e+01
6.317752269290359379e+01
6.626371664223347580e+01
6.840177660889089850e+01
6.155846460286757349e+01
6.719738064261841259e+01
6.583438027769730638e+01
6.601816625833514252e+01
5.975420689170553601e+01
6.218675983337003998e+01
6.596023682316223358e+01
5.484570669039799640e+01
6.228016211307041772e+01
6.631306575691364458e+01
6.025223087690359591e+01
6.224296807140508037e+01
5.724903871245017228e+01
6.960053777980232326e+01
6.003766549116300411e+01
6.015671248294566453e+01
6.913435580005317149e+01
6.937637714413068579e+01
6.394020060474712608e+01
6.703870087710608061e+01
6.497548365890517630e+01
6.303258629449825179e+01
6.289120623997295212e+01
5.948185279201849340e+01
6.353094859285854312e+01
6.696945966182754262e+01
6.523320702251963610e+01
6.779049052318897850e+01
6.076608954962132003e+01
6.464803249113529660e+01
6.404965804866483836e+01
6.782800937337593439e+01
6.359441254127538201e+01
6.418238546475187434e+01
6.328394701640451103e+01
6.182435378625159927e+01
6.218465941719913559e+01
6.082309701537708690e+01
6.547047785088008709e+01
6.179735623856678473e+01
6.710939235380520529e+01
6.430306909716929908e+01
6.921096689628433296e+01
6.173342905000765057e+01
6.454446212318137555e+01
6.104167875997602977e+01
6.213583292026438443e+01
6.419276120151972975e+01
6.650386930369005256e+01
6.368439688469917570e+01
6.418085754472966187e+01
6.051195947238715434e+01
5.794135544330199394e+01
6.157881569736695582e+01
6.227003975094819310e+01
6.668223657349187761e+01
6.306644997523294904e+01
6.597831820103363043e+01
6.366889690220425280e+01
6.650007983774975173e+01
6.630746240502342914e+01
6.667230676923597343e+01
6.878786652257488754e+01
6.682939452398360913e+01
6.650702532293274771e+01
6.827996212686103661e+01
5.932150113832368987e+01
6.165714358966524600e+01
6.280078317613813965e+01
6.587413569165292415e+01
6.563962499929485261e+01
5.865724198871435391e+01
6.623493503679407013e+01
6.483226268855106866e+01
6.360557863946627322e+01
6.268531125807314197e+01
6.190002600080232043e+01
6.772863706860952959e+01
6.057403361976888334e+01
5.806248016981217575e+01
6.656109351947816322e+01
6.451698390283243612e+01
6.601801388180892616e+01
6.538199237872998992e+01
6.600728227740174248e+01
6.972684129834664191e+01
6.374158744450631531e+01
6.122645235278377385e+01
6.323101579359244084e+01
5.739373787902761137e+01
6.370467376879421550e+01
6.292685163752960165e+01
6.870424316353532390e+01
6.715851307288215821e+01
6.556492069416189850e+01
6.469649790477622275e+01
6.786685745167311268e+01
6.381863036992382376e+01
6.560049766401652960e+01
6.190462742570922217e+01
6.739109143432179394e+01
6.472203477433450303e+01
6.632084674781125955e+01
6.463263204966429498e+01
6.184048223086105622e+01
6.207061704576590699e+01
6.294793427780394524e+01
6.027101937531814713e+01
6.331583934259479918e+01
7.028920490770278207e+01
6.570889776242111679e+01
5.996268575900811015e+01
6.304254066424314829e+01
5.439888786307460578e+01
6.324846522613749045e+01
6.073323239956107500e+01
6.317547306527081474e+01
6.283266877413940676e+01
6.202476172048761782e+01
6.238054683597720640e+01
6.583709154626077975e+01
6.668914324106475533e+01
6.158725564335045277e+01
6.878194543982677089e+01
5.811142136172808392e+01
6.540037035477601535e+01
6.506514543126729677e+01
6.307784483730474534e+01
6.172919747789301681e+01
6.309884834583515101e+01
6.994854465841882529e+01
6.242742342862429439e+01
6.670914736038058379e+01
6.625351432532072238e+01
6.128794473807885623e+01
6.714686741676669612e+01
6.312764221917593233e+01
5.757750168895258724e+01
6.448278056460011953e+01
5.876811819566223249e+01
6.415191768727916610e+01
5.992713662254798379e+01
6.492627798586200072e+01
6.454749360408686698e+01
6.426699266176966319e+01
6.328652487722381892e+01
6.285324248227461652e+01
6.240216132322671427e+01
6.325321056438607314e+01
6.641578081329035399e+01
6.510440726908861109e+01
6.148501114211679663e+01
6.614707231390374886e+01
6.405210005434804543e+01
6.745096424547278957e+01
6.401582789267871476e+01
6.381833524029718774e+01
6.492118873128815437e+01
6.264779495161317868e+01
6.379065015916035009e+01
6.708209220206117607e+01
6.558493991860723327e+01
6.719453182863703944e+01
5.896651632539021648e+01
6.555714994376630500e+01
5.637493978869017042e+01
7.074841219487606736e+01
6.920323475457972506e+01
6.799743914675796930e+01
6.118579451305339489e+01
6.463471804101403961e+01
6.586594538055895498e+01
6.377016305097077264e+01
6.632170784517722950e+01
6.516105158768156969e+01
6.548398886556971377e+01
6.340911331293794007e+01
6.217603416327951038e+01
6.777321406542242244e+01
6.374640499482649147e+01
6.583354118168345792e+01
6.648448949291940835e+01
6.511805362499805483e+01
6.459422210524918739e+01
6.159580414295964346e+01
6.724943098769590222e+01
6.610409248016145511e+01
6.114657019722910292e+01
5.921421114621124104e+01
6.723424944060788278e+01
6.505726980550076632e+01
6.225152734735809901e+01
6.700724467895241787e+01
6.013416196963617466e+01
5.805170033225800807e+01
6.513786289048037759e+01
6.374903469470576312e+01
6.251300810589881252e+01
6.381158614577218913e+01
7.136380661555858751e+01
7.092472054574186302e+01
6.666244971823667242e+01
5.829272423777014467e+01
6.313354501515848938e+01
6.194696307439077998e+01
6.602931976689677640e+01
5.885572609128269761e+01
6.463620060352685925e+01
6.279944253038981117e+01
6.227242617343127051e+01
6.362494332079264581e+01
6.645055770340439949e+01
6.183611560511223360e+01
6.279083920035747468e+01
5.933161313928733449e+01
5.732271444093800028e+01
5.990693892662588382e+01
6.670385017854363241e+01
6.265177594184301313e+01
6.745015594482822507e+01
6.666273504313106457e+01
6.080510644961940869e+01
6.150538100997363244e+01
5.992402581059556610e+01
6.670514710264497182e+01
6.189408721416675263e+01
6.423644019142460593e+01
6.524163619745672804e+01
6.234237078937669452e+01
6.831454136007278066e+01
6.348770909793289263e+01
6.990546344423768232e+01
6.162220547019718708e+01
6.478588228746124855e+01
6.583941060939945089e+01
6.267256002221060385e+01
6.648314062864074003e+01
6.465517269368027087e+01
6.330807131138491428e+01
5.925057596225347822e+01
6.890651920543911046e+01
6.624573261682664338e+01
6.129490178503597519e+01
6.670541712490481245e+01
6.392030220696056375e+01
6.489907645817422122e+01
6.151198632038208558e+01
6.843986612253982571e+01
6.022953238383342267e+01
6.791560408609230137e+01
6.591697228603935343e+01
6.535155601715780449e+01
5.874973697521762972e+01
6.336937789824023781e+01
6.691723709354791083e+01
6.334109617904811529e+01
6.009646107722829811e+01
6.307332468732067099e+01
6.933438169791712369e+01
6.667362640551895936e+01
6.248108277458427295e+01
6.459264143251664336e+01
6.348562187606940910e+01
6.246112150618036196e+01
6.710784361513643148e+01
6.586385680704954382e+01
6.496948792267137662e+01
6.068054569422033495e+01
6.039252045104598920e+01
7.105888204824478294e+01
6.564601377827345630e+01
6.256097054150246350e+01
6.452694281817728950e+01
7.000732536286278673e+01
6.426637989317120514e+01
6.505124532731790055e+01
5.881622457665720560e+01
6.334046951215628951e+01
6.046896814850755675e+01
6.854033248878324969e+01
6.316704805655947297e+01
6.122031477996410587e+01
6.283291459507899646e+01
6.793552202397702899e+01
6.519433999992723727e+01
6.048647113501860417e+01
5.807509945104150262e+01
6.312767260773913591e+01
6.949985766523673192e+01
6.462987726831450175e+01
6.555067113292005843e+01
6.036493392104025446e+01
6.984002228559715775e+01
6.448343031444488815e+01
6.735613363705353152e+01
6.441073954703834659e+01
6.208249081518948742e+01
6.689964670155457327e+01
6.312190300200251158e+01
6.868061478042156409e+01
6.591416867062653751e+01
6.415095544643502024e+01
6.931203258453797389e+01
6.420092128202001902e+01
6.709945437584309502e+01
6.336133236964766269e+01
7.115461064689633019e+01
6.642908372592800959e+01
6.757683645920189974e+01
6.320272014470576494e+01
6.433538279133773585e+01
6.839797401785196485e+01
6.274658797064394378e+01
6.390142146127059419e+01
6.209334786212001234e+01
6.575944544880832154e+01
6.603178804872540297e+01
7.047078048109500514e+01
6.414449768616050562e+01
7.015138595109780795e+01
5.965773696027788731e+01
6.095699542170078189e+01
6.934820140643481068e+01
6.407422141793082915e+01
6.072509880227687518e+01
6.627523918874197761e+01
6.318921939797996146e+01
6.582284703881417443e+01
6.400035636306709819e+01
6.333662198550295130e+01
6.160469443974859871e+01
6.338553205159609405e+01
6.740391879876710846e+01
6.057710729211078871e+01
6.166518611953339501e+01
6.294410004691305716e+01
6.847704953100728176e+01
6.904384462860853944e+01
6.629642916543100739e+01
6.530490923603295528e+01
6.096002695790976844e+01
6.584216643562457705e+01
6.885927755320426513e+01
6.162577909722226366e+01
6.510806707268832838e+01
6.396641484769794062e+01
6.491780028348426868e+01
6.032499139427730483e+01
6.162958481878025907e+01
6.068427501128313395e+01
6.035102426536983700e+01
6.455153477551685626e+01
6.376136482865556587e+01
6.028727503623978379e+01
6.388049983305135981e+01
6.765963839497084109e+01
6.272864282031108019e+01
6.370571823834413294e+01
6.375652531848880500e+01
5.858462930039038241e+01
5.894310711265620739e+01
6.776854992361805330e+01
6.581113085390315121e+01
6.559722571141733738e+01
6.275735978213352695e+01
6.735995953091554611e+01
6.223264114800868896e+01
5.984216872101098517e+01
6.079210353547500745e+01
5.934782635372444304e+01
6.032769560623892602e+01
5.758515114049101413e+01
6.500678295837452936e+01
6.861133070196173378e+01
6.448986351209339318e+01
6.269618625869789952e+01
6.333817438962233126e+01
6.972871817678063167e+01
6.407376050366995912e+01
6.237680657283094376e+01
6.306486585242550547e+01
6.405194786350418212e+01
6.322165836404428774e+01
6.233246217942172507e+01
6.337613853723017598e+01
6.681413516924735063e+01
5.962605954293016453e+01
6.654204736050753866e+01
5.968428947365293880e+01
6.849359260554672346e+01
6.266826944554755840e+01
5.785544999394241472e+01
5.968210153372042015e+01
6.110212876236742829e+01
6.363996892310707665e+01
6.414327490803883336e+01
6.444886960318062563e+01
6.068489598603069624e+01
6.356596144817157779e+01
6.246477030483950443e+01
6.212687403202654224e+01
7.360465188451853180e+01
6.378621244814728897e+01
6.804259835451865968e+01
6.394386870072913354e+01
6.719386763807285945e+01
6.381642050384381548e+01
6.120005680912195345e+01
6.584963818383687340e+01
6.707139438716195912e+01
6.021103593331364578e+01
6.890731968031204246e+01
6.684441606366321764e+01
6.178901539145641664e+01
6.795639394767752606e+01
6.651892719838632217e+01
6.510360153232656444e+01
6.483792376529528667e+01
6.022033487377741778e+01
6.648569566614054338e+01
6.249025121891252610e+01
5.907596448793245258e+01
6.172104474244665795e+01
6.265921901894114399e+01
5.940564275413695583e+01
6.709424584759703691e+01
6.412679487906534348e+01
6.565501719135480130e+01
6.719669267656645673e+01
6.184602131656731672e+01
6.667080531703481938e+01
6.299476865352968957e+01
6.382594212303131087e+01
6.976559585469144054e+01
6.183830325062568534e+01
6.593409772382145206e+01
6.379818478780010338e+01
6.311562821464046635e+01
6.035872158734112247e+01
6.099005682492227010e+01
6.128196851816625923e+01
6.190304675050385441e+01
5.959622101280299944e+01
6.164802076752674509e+01
6.362819519673564628e+01
6.596545935377316994e+01
6.827546635440035061e+01
6.352975461439877591e+01
6.042716802607976945e+01
6.136265432428015032e+01
6.266269949422240160e+01
6.988184396013294020e+01
6.546559112962735583e+01
6.429572089034188309e+01
6.180015797498975871e+01
6.916560838827705027e+01
6.133961411351862125e+01
6.337667214067802490e+01
5.965536215886386628e+01
6.217533878744396247e+01
6.819771797658815160e+01
5.851969261784957155e+01
6.333798088113814373e+01
5.929760424555140474e+01
6.320066406541111093e+01
6.542690639159272337e+01
5.799698420916212882e+01
6.394103535293971419e+01
5.754783100985805788e+01
5.959453044342259886e+01
7.015873933449807964e+01
